" ","pdc_2020_0000000","pdc_2020_0000001","pdc_2020_0000010","pdc_2020_0000011","pdc_2020_0000100","pdc_2020_0000101","pdc_2020_0000110","pdc_2020_0000111","pdc_2020_0001000","pdc_2020_0001001","pdc_2020_0001010","pdc_2020_0001011","pdc_2020_0001100","pdc_2020_0001101","pdc_2020_0001110","pdc_2020_0001111","pdc_2020_0010000","pdc_2020_0010001","pdc_2020_0010010","pdc_2020_0010011","pdc_2020_0010100","pdc_2020_0010101","pdc_2020_0010110","pdc_2020_0010111","pdc_2020_0011000","pdc_2020_0011001","pdc_2020_0011010","pdc_2020_0011011","pdc_2020_0011100","pdc_2020_0011101","pdc_2020_0011110","pdc_2020_0011111","pdc_2020_0100000","pdc_2020_0100001","pdc_2020_0100010","pdc_2020_0100011","pdc_2020_0100100","pdc_2020_0100101","pdc_2020_0100110","pdc_2020_0100111","pdc_2020_0101000","pdc_2020_0101001","pdc_2020_0101010","pdc_2020_0101011","pdc_2020_0101100","pdc_2020_0101101","pdc_2020_0101110","pdc_2020_0101111","pdc_2020_0110000","pdc_2020_0110001","pdc_2020_0110010","pdc_2020_0110011","pdc_2020_0110100","pdc_2020_0110101","pdc_2020_0110110","pdc_2020_0110111","pdc_2020_0111000","pdc_2020_0111001","pdc_2020_0111010","pdc_2020_0111011","pdc_2020_0111100","pdc_2020_0111101","pdc_2020_0111110","pdc_2020_0111111","pdc_2020_0200000","pdc_2020_0200001","pdc_2020_0200010","pdc_2020_0200011","pdc_2020_0200100","pdc_2020_0200101","pdc_2020_0200110","pdc_2020_0200111","pdc_2020_0201000","pdc_2020_0201001","pdc_2020_0201010","pdc_2020_0201011","pdc_2020_0201100","pdc_2020_0201101","pdc_2020_0201110","pdc_2020_0201111","pdc_2020_0210000","pdc_2020_0210001","pdc_2020_0210010","pdc_2020_0210011","pdc_2020_0210100","pdc_2020_0210101","pdc_2020_0210110","pdc_2020_0210111","pdc_2020_0211000","pdc_2020_0211001","pdc_2020_0211010","pdc_2020_0211011","pdc_2020_0211100","pdc_2020_0211101","pdc_2020_0211110","pdc_2020_0211111","pdc_2020_1000000","pdc_2020_1000001","pdc_2020_1000010","pdc_2020_1000011","pdc_2020_1000100","pdc_2020_1000101","pdc_2020_1000110","pdc_2020_1000111","pdc_2020_1001000","pdc_2020_1001001","pdc_2020_1001010","pdc_2020_1001011","pdc_2020_1001100","pdc_2020_1001101","pdc_2020_1001110","pdc_2020_1001111","pdc_2020_1010000","pdc_2020_1010001","pdc_2020_1010010","pdc_2020_1010011","pdc_2020_1010100","pdc_2020_1010101","pdc_2020_1010110","pdc_2020_1010111","pdc_2020_1011000","pdc_2020_1011001","pdc_2020_1011010","pdc_2020_1011011","pdc_2020_1011100","pdc_2020_1011101","pdc_2020_1011110","pdc_2020_1011111","pdc_2020_1100000","pdc_2020_1100001","pdc_2020_1100010","pdc_2020_1100011","pdc_2020_1100100","pdc_2020_1100101","pdc_2020_1100110","pdc_2020_1100111","pdc_2020_1101000","pdc_2020_1101001","pdc_2020_1101010","pdc_2020_1101011","pdc_2020_1101100","pdc_2020_1101101","pdc_2020_1101110","pdc_2020_1101111","pdc_2020_1110000","pdc_2020_1110001","pdc_2020_1110010","pdc_2020_1110011","pdc_2020_1110100","pdc_2020_1110101","pdc_2020_1110110","pdc_2020_1110111","pdc_2020_1111000","pdc_2020_1111001","pdc_2020_1111010","pdc_2020_1111011","pdc_2020_1111100","pdc_2020_1111101","pdc_2020_1111110","pdc_2020_1111111","pdc_2020_1200000","pdc_2020_1200001","pdc_2020_1200010","pdc_2020_1200011","pdc_2020_1200100","pdc_2020_1200101","pdc_2020_1200110","pdc_2020_1200111","pdc_2020_1201000","pdc_2020_1201001","pdc_2020_1201010","pdc_2020_1201011","pdc_2020_1201100","pdc_2020_1201101","pdc_2020_1201110","pdc_2020_1201111","pdc_2020_1210000","pdc_2020_1210001","pdc_2020_1210010","pdc_2020_1210011","pdc_2020_1210100","pdc_2020_1210101","pdc_2020_1210110","pdc_2020_1210111","pdc_2020_1211000","pdc_2020_1211001","pdc_2020_1211010","pdc_2020_1211011","pdc_2020_1211100","pdc_2020_1211101","pdc_2020_1211110","pdc_2020_1211111"
"pdc_2020_0000000","0.0","33.57","45.26","57.29","6.77","35.89","47.23","58.90","21.51","41.37","57.78","63.85","25.00","39.67","58.48","64.17","4.30","42.90","47.62","60.13","13.54","43.56","47.83","62.26","22.04","44.57","57.59","65.43","29.26","46.03","59.64","64.09","71.75","78.80","81.26","84.78","71.26","78.01","82.10","84.45","75.00","79.30","87.19","87.69","74.59","78.83","85.57","87.05","68.52","76.57","78.88","82.41","69.88","75.12","79.84","84.14","67.04","76.79","83.04","85.19","68.91","75.88","82.40","85.98","81.01","84.54","85.62","88.42","78.66","82.66","85.20","87.83","81.79","86.82","90.82","92.26","78.72","82.42","87.99","90.02","78.18","83.25","84.68","87.26","76.90","82.43","83.28","86.40","77.87","81.68","84.63","87.47","73.92","79.17","85.21","86.44",".00","36.52","44.83","59.09","5.21","33.81","47.23","59.22","21.51","40.89","57.78","63.42","22.87","36.80","58.48","63.14","3.76","39.00","46.12","61.92","11.46","42.90","48.92","61.09","23.12","43.85","58.30","64.12","29.26","45.45","59.91","65.25","69.39","76.58","80.24","82.22","71.54","76.60","79.92","83.12","72.98","77.32","82.62","85.84","72.10","77.63","83.54","85.50","65.14","75.65","78.12","81.94","67.59","75.58","79.39","84.05","65.53","75.59","80.05","85.16","69.12","77.31","83.59","84.84","78.69","82.48","84.18","86.39","77.78","81.33","85.29","86.07","74.52","81.74","85.18","88.74","75.27","79.43","85.61","86.98","73.39","81.34","81.64","85.29","75.74","81.55","83.66","86.00","69.52","76.42","82.95","85.11","71.23","78.73","82.29","85.81"
"pdc_2020_0000001","33.57","0.0","57.10","53.69","33.93","26.69","56.19","50.28","47.86","45.25","68.15","66.96","48.93","46.01","68.27","67.37","36.43","28.11","59.31","51.11","38.57","33.43","58.15","51.81","48.21","45.31","68.05","66.67","51.79","47.95","69.13","66.47","76.28","75.90","82.94","80.35","74.87","74.38","82.49","80.69","80.18","76.91","89.12","86.47","79.69","78.85","87.55","86.11","73.62","70.32","80.58","77.60","73.78","70.64","80.38","79.54","73.94","73.74","85.33","84.14","75.28","74.50","84.58","84.42","83.47","82.18","86.52","86.85","80.68","81.05","85.32","85.07","85.50","84.55","92.48","90.79","82.91","79.96","90.12","88.87","81.02","78.84","85.88","84.44","79.21","78.66","83.48","82.32","82.39","79.41","86.83","86.71","79.09","78.04","87.27","86.00","33.57","27.93","56.78","52.51","32.86","28.40","56.19","51.82","47.86","45.40","68.15","65.15","47.50","47.08","68.27","66.57","36.07","27.76","57.73","53.26","37.14","29.85","58.01","52.66","48.93","44.72","68.59","65.67","51.79","48.44","69.35","66.97","74.32","72.78","81.73","78.36","74.96","72.99","80.27","79.38","78.59","76.26","85.19","85.74","77.53","77.63","85.69","84.33","70.86","67.50","79.97","76.16","71.81","70.61","79.82","79.08","72.81","73.36","82.98","82.84","75.28","75.28","85.56","83.77","81.48","80.48","85.13","84.62","79.81","80.37","85.26","84.15","79.74","80.27","87.27","88.58","79.96","79.17","87.37","85.82","77.13","77.37","82.82","82.03","78.21","75.99","83.67","82.48","75.96","73.32","85.29","84.22","76.89","77.88","84.53","84.62"
"pdc_2020_0000010","45.26","57.10","0.0","27.85","47.01","58.64","5.62","32.14","57.59","62.59","22.54","36.54","58.30","63.14","25.29","36.45","46.05","63.01","5.17","35.00","50.00","60.30","11.73","38.40","58.04","62.41","23.12","39.17","61.26","65.59","27.59","37.80","82.34","84.43","71.71","77.56","81.17","83.86","71.71","75.77","84.17","84.51","78.61","79.24","84.90","86.12","75.71","78.52","80.08","82.48","67.12","73.47","80.71","82.07","68.44","76.36","80.15","82.97","70.26","75.81","80.61","82.87","69.71","77.32","85.76","87.78","79.89","83.97","84.05","86.20","78.28","82.19","89.16","90.51","83.76","86.15","88.14","87.65","79.78","83.33","83.79","86.01","77.05","81.17","82.02","84.89","74.44","79.48","87.87","87.97","73.91","79.44","84.39","85.24","75.00","78.15","45.26","57.49",".57","31.60","47.68","57.91","5.62","33.20","57.59","61.82","22.54","35.12","58.41","60.54","25.29","35.29","47.62","60.53","1.16","36.60","50.21","62.61","11.24","36.96","58.30","62.11","24.86","38.21","61.26","63.04","28.74","40.00","79.66","83.48","69.64","73.69","81.47","82.57","68.35","74.65","82.62","83.33","72.75","76.50","82.75","83.65","72.78","76.59","77.71","81.59","66.20","73.31","78.63","82.63","67.44","75.82","79.18","81.95","67.46","75.54","80.88","82.09","72.06","75.25","84.05","85.11","76.49","80.16","83.13","84.91","77.70","79.08","84.37","87.47","74.28","81.22","84.11","85.15","74.64","77.61","80.23","84.54","72.42","77.81","81.91","83.82","74.26","79.14","81.23","83.23","70.83","76.25","81.98","83.96","70.15","77.02"
"pdc_2020_0000011","57.29","53.69","27.85","0.0","57.63","55.96","28.57","25.54","67.71","65.05","44.30","43.58","67.83","65.12","45.57","44.88","58.56","54.74","30.08","27.72","59.66","53.91","31.65","29.72","68.06","62.39","44.73","42.37","70.18","66.77","47.26","43.36","84.03","82.91","75.00","73.20","82.54","81.86","74.17","73.31","86.36","83.60","81.95","78.46","86.94","86.26","79.42","77.78","81.82","79.81","71.01","68.50","81.96","79.01","71.32","72.37","82.93","81.54","74.94","74.90","83.30","82.29","74.44","75.98","86.86","86.33","81.80","82.91","84.95","85.07","79.71","81.28","90.64","89.25","86.02","84.42","89.50","87.23","82.82","82.34","85.08","83.22","79.50","78.66","83.29","83.31","76.09","76.28","89.53","86.54","77.75","78.41","86.47","84.85","78.83","78.74","57.29","52.51","27.43","27.50","57.58","54.83","28.57","27.14","67.71","63.58","44.30","41.27","67.82","65.19","45.57","43.14","59.66","56.60","28.69","25.09","59.73","56.56","32.77","32.99","68.29","63.36","45.99","43.63","70.18","64.62","48.10","45.56","81.64","80.54","73.19","70.34","82.45","81.35","71.01","71.71","85.03","82.94","77.02","76.55","84.88","84.73","76.70","77.42","79.93","77.57","70.30","66.90","80.18","79.44","70.06","70.54","82.12","80.59","72.68","74.62","83.07","80.70","75.87","75.16","85.31","83.90","78.80","79.04","84.14","83.81","78.84","77.30","86.51","87.29","78.29","80.48","86.02","84.14","78.26","77.53","82.13","81.77","75.31","75.34","82.95","80.84","76.06","76.52","83.89","82.62","75.50","75.78","84.25","83.93","74.62","75.66"
"pdc_2020_0000100","6.77","33.93","47.01","57.63","0.0","36.24","45.69","58.31","24.87","42.40","58.85","64.23","24.60","40.74","58.93","64.57","7.94","42.21","50.00","59.55","10.11","40.20","46.93","61.71","25.40","45.56","58.67","65.80","27.96","45.82","59.46","64.48","73.09","79.34","82.16","84.94","71.86","78.48","82.26","84.59","76.03","79.55","87.72","87.90","75.75","79.53","86.07","87.47","70.33","76.91","79.80","82.38","70.49","75.59","79.76","84.27","68.44","77.26","83.59","85.39","70.11","76.51","82.91","86.38","82.13","84.96","86.35","88.58","79.13","83.18","85.34","87.96","83.02","87.06","91.34","92.47","79.84","83.30","88.48","90.45","79.50","83.37","85.07","87.55","77.18","82.22","83.22","86.52","79.13","82.14","85.18","87.68","75.07","80.04","85.43","86.62","6.77","36.86","47.23","58.96","3.68","34.17","45.69","59.09","24.87","41.94","58.85","63.81","24.34","37.93","58.93","63.53","9.42","39.33","47.21","61.80","7.98","41.14","46.70","60.06","26.46","44.83","59.38","64.50","27.03","45.24","59.73","65.64","71.17","76.94","81.14","82.19","71.94","76.72","79.88","83.09","74.31","77.80","83.17","85.84","73.00","78.35","83.79","85.71","66.80","75.81","78.82","81.91","67.74","75.89","79.10","83.44","66.95","76.07","80.62","85.38","69.32","78.20","83.55","85.05","80.00","82.76","84.92","86.71","77.90","81.73","85.26","86.05","75.82","82.22","85.71","88.96","76.14","80.13","85.86","87.20","74.66","81.47","82.45","85.61","75.44","81.34","83.01","85.65","70.90","76.91","83.51","85.33","71.79","79.17","82.55","86.03"
"pdc_2020_0000101","35.89","26.69","58.64","55.96","36.24","0.0","58.20","49.30","49.83","43.67","69.06","65.98","50.35","42.90","68.77","66.67","38.68","27.65","60.37","50.14","40.21","28.44","58.81","50.83","49.65","45.20","69.38","65.99","52.63","46.86","69.62","66.17","76.90","75.54","83.31","80.85","75.50","73.84","83.22","81.54","80.91","78.00","89.45","86.62","80.43","78.37","87.90","85.82","74.28","69.60","81.14","77.19","74.44","69.91","81.14","78.82","74.78","73.99","85.51","83.48","75.82","73.36","84.98","84.53","83.77","81.73","86.94","86.62","81.14","81.30","86.20","85.86","86.14","83.21","92.37","90.48","83.33","80.37","89.84","89.53","81.32","77.69","86.17","84.24","79.52","77.78","84.23","82.86","82.83","78.31","87.20","86.20","79.83","77.58","87.60","85.48","35.89","27.46","58.33","50.70","34.62","26.32","58.20","49.15","49.83","44.30","69.06","65.27","49.48","44.95","69.18","65.87","38.33","24.17","59.26","51.50","38.81","28.36","59.56","47.85","50.87","43.65","69.50","64.18","53.15","46.39","70.25","65.87","74.96","70.54","82.27","79.59","75.59","71.72","81.20","79.39","79.35","76.71","85.77","86.27","78.31","76.67","86.26","84.93","71.55","68.12","80.38","76.15","72.29","69.51","80.97","78.51","73.67","73.13","83.16","82.96","75.56","74.35","86.36","83.52","81.93","81.03","85.57","84.70","80.28","80.05","86.15","84.42","80.47","80.23","88.03","88.48","80.43","79.14","87.73","85.53","77.66","77.66","83.33","82.33","78.56","75.99","84.33","82.92","76.77","73.57","85.48","83.93","77.41","76.00","84.70","84.54"
"pdc_2020_0000110","47.23","56.19","5.62","28.57","45.69","58.20","0.0","30.80","58.85","63.08","26.55","38.86","58.30","63.64","27.27","38.05","48.05","62.21","10.61","34.36","48.02","58.15","7.43","36.54","59.29","62.90","27.12","41.36","61.26","66.07","27.59","38.57","82.99","84.43","72.91","77.78","81.14","83.83","71.93","75.95","84.75","84.74","79.43","80.09","85.43","86.55","77.05","79.62","80.75","82.31","68.60","73.30","80.68","81.87","68.37","76.53","80.76","83.20","71.47","76.66","81.17","83.30","71.14","78.38","86.62","88.19","80.62","84.03","84.03","86.45","78.46","82.34","89.46","90.73","84.79","86.71","88.65","88.07","81.06","84.12","84.67","86.14","77.82","81.53","81.80","84.59","74.40","79.62","88.42","88.19","75.36","80.28","84.91","85.66","75.29","79.25","47.23","56.62","6.15","32.27","46.38","56.55",".00","32.54","58.85","62.32","26.55","37.50","59.03","61.07","25.29","36.89","49.57","59.70","6.74","36.60","47.60","61.38","5.78","33.73","59.56","62.59","28.81","39.72","61.26","63.54","27.75","40.00","80.33","83.33","71.08","73.69","81.25","82.22","68.35","74.65","83.21","83.37","74.21","77.42","83.04","83.89","73.86","77.48","78.41","81.24","67.73","73.31","77.91","82.28","67.13","75.36","79.80","82.19","68.73","76.44","80.88","82.53","72.43","75.86","84.93","85.11","77.45","80.72","82.77","85.04","77.47","79.08","84.94","87.71","75.71","82.08","84.39","85.39","75.71","78.22","81.02","84.83","73.67","78.21","81.31","83.82","73.76","78.77","81.84","83.47","72.35","77.17","81.98","84.20","70.54","77.62"
"pdc_2020_0000111","58.90","50.28","32.14","25.54","58.31","49.30","30.80","0.0","68.44","65.40","47.01","46.69","68.56","64.67","48.21","46.82","60.13","55.00","34.92","24.91","60.73","48.45","35.06","25.09","68.77","63.24","47.41","46.76","70.81","67.06","49.20","45.93","84.55","82.25","76.09","72.73","82.90","80.70","75.05","72.41","86.74","83.57","82.78","79.30","87.29","86.37","80.33","78.38","82.59","78.85","72.22","68.09","82.54","77.01","72.28","70.69","83.40","81.54","75.77","75.81","83.76","82.28","75.54","76.60","87.40","86.14","82.40","82.92","85.37","85.01","80.32","80.79","90.89","89.30","86.95","84.84","89.98","86.93","83.60","83.54","85.66","83.33","80.33","77.86","83.59","82.07","76.80","75.34","89.81","86.64","78.96","79.23","86.83","84.39","79.48","78.81","58.90","52.04","31.75","20.86","58.25","49.28","30.80","20.50","68.44","64.79","47.01","44.57","68.54","64.72","47.60","45.90","61.17","52.16","32.94","24.74","60.78","49.16","34.80","23.49","69.00","63.37","48.61","45.02","70.81","64.58","50.00","47.60","82.22","80.06","74.33","71.40","83.01","79.39","71.97","70.63","85.44","83.33","78.01","77.47","85.29","84.04","77.70","77.78","80.56","76.78","71.57","65.82","80.62","77.47","71.34","69.86","82.62","80.62","73.61","74.79","83.80","80.94","77.22","75.59","85.89","84.29","79.48","79.08","84.43","83.78","79.68","78.26","86.88","86.97","79.25","82.01","86.39","84.52","79.21","78.16","82.82","82.49","76.29","75.82","83.46","79.34","76.82","75.36","84.33","82.82","76.57","76.46","84.68","83.24","75.43","76.86"
"pdc_2020_0001000","21.51","47.86","57.59","67.71","24.87","49.83","58.85","68.44","0.0","30.14","48.65","57.27","4.73","27.72","49.46","57.48","21.98","53.92","58.82","69.90","30.85","54.36","59.73","71.20",".68","34.40","48.37","59.39","10.14","35.85","50.82","57.53","79.88","85.13","87.60","89.95","79.24","84.34","88.36","89.74","71.88","77.43","85.75","86.54","71.47","76.83","83.98","85.85","76.75","82.52","85.25","87.50","77.82","81.38","85.94","88.98","62.86","74.65","81.13","83.86","64.98","73.70","80.40","84.73","87.34","89.61","90.97","93.19","84.89","87.84","90.46","92.37","79.57","85.62","89.81","91.55","76.19","80.79","86.68","89.10","84.37","87.48","89.74","91.60","82.98","86.89","88.29","90.71","75.15","80.00","82.91","86.33","70.78","77.27","83.57","85.19","21.51","50.17","57.78","69.10","25.13","48.20","58.85","69.21",".00","29.47","48.65","56.68","2.03","23.56","49.46","56.28","22.40","51.84","57.85","71.11","27.81","54.18","60.18","70.20","2.05","33.64","49.18","57.66","10.14","35.21","51.10","58.90","77.55","82.91","86.57","87.46","79.56","82.66","85.94","88.29","69.59","75.18","80.67","84.47","68.63","75.43","81.72","84.12","73.22","81.64","84.41","87.11","75.85","81.58","85.21","88.85","61.09","73.30","77.75","83.76","65.18","75.23","81.71","83.37","85.10","87.75","89.61","90.88","83.94","86.59","90.64","90.60","71.38","79.95","83.52","87.68","72.29","77.46","84.02","85.71","79.72","86.15","86.75","90.04","81.90","86.05","88.38","90.26","65.59","74.16","80.98","83.66","67.61","76.68","80.23","84.45"
"pdc_2020_0001001","41.37","45.25","62.59","65.05","42.40","43.67","63.08","65.40","30.14","0.0","56.49","50.20","31.58","17.33","56.54","53.39","42.04","42.59","63.64","63.64","46.99","48.01","64.36","65.99","30.62","17.24","56.30","49.02","35.41","17.33","57.63","50.60","82.16","80.82","87.91","87.65","81.49","82.49","88.39","88.46","76.50","69.96","86.65","82.19","75.97","70.95","84.82","82.23","79.42","77.55","85.25","84.24","80.29","78.31","85.66","86.48","69.05","65.41","81.66","78.11","70.63","65.65","80.74","79.92","88.49","87.06","91.10","91.79","86.20","86.55","90.62","90.36","82.86","78.19","90.41","87.29","79.85","74.78","87.65","85.93","85.80","83.15","89.98","88.95","84.51","83.45","88.32","88.80","79.18","73.10","83.70","81.78","75.32","70.19","84.47","81.88","41.37","44.58","62.72","66.37","42.46","46.03","63.08","65.69","30.14","17.54","56.49","49.19","29.67","22.22","56.54","51.20","42.28","41.87","62.82","65.62","44.76","45.99","64.23","66.18","31.58","14.29","56.96","48.40","35.41","19.21","57.87","50.00","80.11","80.15","86.62","84.98","81.61","79.73","85.66","86.47","74.61","69.54","82.00","81.15","73.37","70.68","82.61","81.39","76.34","76.85","84.49","83.67","78.45","78.38","85.18","85.01","67.65","63.66","78.50","77.80","70.59","66.45","82.38","79.42","86.46","85.91","89.55","88.93","85.22","85.90","90.63","89.29","76.03","73.80","84.71","85.13","76.34","72.67","84.38","81.51","81.73","83.23","86.61","87.68","83.49","82.85","88.08","88.41","71.39","65.53","81.55","79.33","72.56","70.50","80.86","80.66"
"pdc_2020_0001010","57.78","68.15","22.54","44.30","58.85","69.06","26.55","47.01","48.65","56.49","0.0","21.89","49.46","57.02","3.70","21.34","57.53","70.92","24.56","50.00","60.91","68.94","30.68","52.67","49.19","56.38",".75","25.84","53.01","60.00","6.67","23.53","88.14","89.27","80.40","84.45","86.85","88.86","80.26","82.82","82.45","83.23","75.90","77.11","83.29","84.93","72.67","76.32","85.90","87.35","75.90","80.28","86.31","86.85","76.84","82.79","77.97","81.52","66.45","73.42","78.47","81.45","65.78","75.12","90.84","92.06","87.02","90.22","89.04","90.54","85.28","88.13","88.01","89.72","81.73","84.75","86.90","86.61","77.29","81.63","88.91","89.91","83.90","86.88","87.19","88.86","81.23","84.97","86.58","86.97","70.59","77.38","82.75","84.01","71.84","75.92","57.78","67.80","22.99","47.20","59.39","68.17","26.55","48.62","48.65","55.51",".00","19.88","49.73","53.60","3.70","20.00","59.01","69.79","22.67","50.76","60.36","71.12","30.29","51.56","49.46","56.10","2.99","24.28","53.01","56.96","8.15","26.32","85.44","88.46","78.35","80.72","87.17","87.33","76.65","81.56","80.73","81.90","69.28","73.96","80.89","82.19","69.35","74.12","83.37","86.50","74.94","80.25","84.46","87.33","75.58","82.48","76.86","80.40","63.18","72.99","78.74","80.57","68.44","72.60","89.18","89.69","83.77","86.09","88.21","89.30","84.83","85.08","82.69","86.36","71.01","79.25","82.43","83.86","71.47","75.21","85.38","88.70","79.44","84.08","86.93","87.69","81.04","84.77","79.14","81.76","67.00","73.68","80.00","82.54","66.22","74.59"
"pdc_2020_0001011","63.85","66.96","36.54","43.58","64.23","65.98","38.86","46.69","57.27","50.20","21.89","0.0","57.34","51.41","23.67","18.89","63.78","65.62","38.35","43.91","66.14","64.29","42.38","49.82","57.73","49.01","22.49","12.57","60.37","52.40","26.04","12.85","88.69","87.68","81.40","82.28","87.80","87.97","81.63","82.21","84.26","79.13","77.78","71.76","84.46","83.09","75.36","73.05","86.96","85.20","77.66","76.96","87.32","85.51","78.47","80.66","80.21","77.54","69.91","67.57","80.10","78.05","69.25","69.42","91.16","89.78","87.46","88.41","89.43","89.58","86.13","86.41","88.81","85.92","83.00","78.95","87.75","83.54","78.92","76.90","89.62","88.26","84.53","84.43","87.69","87.42","82.34","83.43","87.50","82.78","73.61","72.00","83.95","79.12","74.64","71.72","63.85","62.80","36.84","44.57","64.64","67.07","38.86","47.06","57.27","50.60","21.89","13.41","57.47","52.26","23.67","16.67","64.98","65.51","36.71","45.85","65.62","67.15","42.11","47.60","57.99","50.58","24.26","12.78","60.37","50.00","27.22","16.67","86.17","87.25","79.92","78.99","87.94","86.49","78.07","79.28","82.19","79.03","72.43","70.37","82.03","80.91","72.09","70.10","84.60","84.68","76.82","77.51","85.45","85.86","77.16","78.75","79.22","75.32","67.07","67.19","80.63","75.85","71.34","68.42","89.59","88.64","84.76","84.07","88.50","88.90","85.54","83.77","83.96","83.48","73.98","76.15","83.42","80.86","73.99","70.90","86.35","86.79","80.78","81.69","87.32","85.58","82.06","82.99","80.78","78.00","70.48","68.72","81.23","79.04","69.39","69.71"
"pdc_2020_0001100","25.00","48.93","58.30","67.83","24.60","50.35","58.30","68.56","4.73","31.58","49.46","57.34","0.0","29.21","49.45","57.55","24.59","54.90","59.55","70.03","28.80","53.40","59.17","71.34","5.41","35.78","49.18","59.47","8.28","36.49","50.83","57.60","80.77","85.60","87.98","90.08","80.24","85.13","88.71","90.03","73.29","77.88","85.99","86.71","73.01","77.78","84.44","86.25","77.87","82.98","85.63","87.62","78.85","82.16","86.06","89.26","64.67","75.35","81.64","84.01","66.14","74.26","80.86","85.11","88.01","89.99","91.12","93.31","85.49","88.49","90.76","92.63","81.21","86.30","90.06","91.74","77.31","81.94","87.16","89.51","85.03","87.86","90.07","91.71","83.41","87.23","88.59","90.96","76.52","80.69","83.43","86.50","72.29","78.13","83.71","85.58","25.00","51.19","58.48","69.23","25.79","48.19","58.30","69.33","4.73","30.92","49.46","56.74","4.05","25.13","48.62","56.34","25.95","52.35","58.56","71.25","25.68","53.72","59.63","69.90","6.76","35.00","49.17","57.73","6.94","35.07","50.28","58.99","78.66","83.39","86.95","87.58","80.36","83.28","86.08","88.42","71.34","75.65","81.18","84.63","69.88","76.41","81.89","84.29","74.17","81.92","84.79","87.23","75.91","82.20","85.12","88.79","62.94","74.00","78.26","83.92","65.16","76.09","81.56","83.25","85.94","88.14","89.93","91.00","84.58","87.13","90.59","90.57","73.09","80.68","84.03","87.62","73.49","78.42","84.21","85.89","80.66","86.54","87.09","90.16","81.98","86.44","88.32","90.22","67.41","74.88","81.50","83.82","68.04","77.05","80.41","84.62"
"pdc_2020_0001101","39.67","46.01","63.14","65.12","40.74","42.90","63.64","64.67","27.72","17.33","57.02","51.41","29.21","0.0","57.08","53.25","40.34","41.82","64.21","66.08","45.45","46.88","64.44","67.25","28.22","13.00","56.84","52.92","33.17","18.02","58.19","51.01","81.93","81.16","88.36","88.23","81.26","81.95","88.67","88.53","76.06","70.35","87.01","82.51","75.53","71.08","85.64","81.78","79.15","78.04","85.69","84.78","80.04","78.99","86.11","86.53","68.46","65.47","82.22","79.83","70.08","63.92","81.80","80.21","88.37","86.54","91.05","91.74","86.06","86.16","90.87","90.58","82.55","78.65","90.07","87.37","79.49","73.84","87.53","85.75","85.65","83.43","89.92","89.30","84.35","83.03","88.71","88.99","78.80","72.69","84.28","82.55","74.87","68.58","85.05","81.90","39.67","44.83","63.27","66.47","40.82","44.81","63.64","66.17","27.72","14.93","57.02","52.02","27.23","14.62","57.08","51.63","40.59","43.08","63.37","67.24","43.15","46.73","64.81","66.27","29.21","14.91","57.51","48.78","33.17","19.91","58.44","51.63","79.85","79.76","87.25","85.20","81.37","79.16","86.10","86.37","74.13","70.22","82.31","82.96","72.87","70.80","82.93","81.18","76.03","77.53","84.93","84.39","78.16","78.70","85.44","85.21","67.03","65.24","79.04","78.59","70.03","65.62","82.71","79.64","86.32","85.50","89.95","89.29","85.07","85.33","90.88","89.34","75.59","73.67","85.05","85.40","75.91","71.07","84.71","81.49","81.53","83.23","87.02","87.55","83.31","82.07","88.50","88.30","70.84","68.03","82.12","79.86","72.04","69.43","81.17","79.87"
"pdc_2020_0001110","58.48","68.27","25.29","45.57","58.93","68.77","27.27","48.21","49.46","56.54","3.70","23.67","49.45","57.08","0.0","20.99","58.26","71.04","27.33","50.58","61.01","69.06","29.48","53.26","49.18","55.83","4.44","27.53","52.22","59.49","4.55","24.26","88.49","89.39","81.11","84.98","87.17","89.12","81.14","83.54","82.96","83.37","76.95","77.89","83.75","85.31","73.95","77.37","86.26","87.46","76.85","80.63","86.64","86.94","77.73","83.28","78.47","81.66","67.87","74.18","78.92","81.80","67.11","76.12","91.31","92.31","87.59","90.22","89.47","91.05","86.00","88.58","88.52","89.89","83.07","85.53","87.37","86.98","78.55","82.37","89.54","90.28","84.49","87.33","87.64","89.22","81.75","85.55","86.78","86.91","71.99","78.15","83.20","84.37","72.73","76.32","58.48","67.91","25.71","48.40","58.85","68.28","27.27","49.80","49.46","55.56","3.70","21.69","49.73","53.64","4.48","20.73","59.73","69.91","25.43","51.89","60.45","70.86","30.06","50.99","50.27","56.15","6.67","25.00","53.04","56.41","7.52","25.00","85.80","88.57","79.29","81.26","87.31","87.44","77.31","82.09","81.23","82.04","70.68","74.79","81.06","82.34","70.32","74.93","83.72","86.61","75.93","80.78","84.60","87.44","76.28","82.82","77.36","80.53","64.65","73.80","78.55","80.66","69.00","72.73","89.81","90.08","84.54","86.56","88.50","89.68","85.37","85.56","83.20","86.53","72.40","80.05","82.29","84.01","72.44","75.69","85.88","89.09","80.28","84.57","87.24","87.94","81.40","85.23","79.66","81.90","68.46","74.52","80.17","82.42","66.33","74.39"
"pdc_2020_0001111","64.17","67.37","36.45","44.88","64.57","66.67","38.05","46.82","57.48","53.39","21.34","18.89","57.55","53.25","20.99","0.0","64.11","68.19","38.31","46.13","66.53","66.17","40.89","49.27","57.28","51.00","21.95","15.85","60.00","54.44","23.46","16.38","88.75","87.61","81.21","82.71","87.85","87.22","81.24","82.09","83.76","81.03","77.74","74.24","84.48","82.91","74.71","72.45","86.64","86.06","77.22","77.68","87.18","85.36","78.03","80.33","80.16","77.61","69.16","68.56","80.05","78.50","68.48","69.93","91.24","90.23","87.35","88.84","89.77","89.66","85.84","86.33","89.39","87.37","83.04","80.15","88.31","84.31","78.90","78.23","89.84","88.42","84.40","84.81","88.02","87.73","81.80","83.33","87.79","83.30","72.92","72.68","84.46","81.74","73.59","72.73","64.17","65.07","36.76","46.42","64.45","68.18","38.05","47.19","57.48","51.82","21.34","20.00","57.67","52.94","22.09","18.08","65.34","67.06","36.63","46.91","66.00","68.33","40.59","48.88","58.22","51.37","23.78","18.23","60.66","51.43","25.77","17.05","86.56","87.48","79.50","78.21","87.99","86.36","77.64","79.90","81.65","79.66","71.73","71.77","82.01","80.04","71.39","71.32","84.62","84.76","76.36","77.99","85.47","86.21","76.69","79.25","79.16","76.36","66.26","67.89","80.27","75.81","70.21","68.78","89.51","88.96","84.45","84.50","88.55","88.80","85.24","83.85","83.46","83.99","73.29","76.86","83.12","81.09","73.31","69.54","86.06","86.99","80.41","81.76","87.68","86.19","81.70","83.06","80.74","79.21","69.72","69.44","81.72","79.96","67.80","69.05"
"pdc_2020_0010000","4.30","36.43","46.05","58.56","7.94","38.68","48.05","60.13","21.98","42.04","57.53","63.78","24.59","40.34","58.26","64.11","0.0","44.48","47.79","61.34","13.83","44.15","48.67","62.18","22.53","45.28","57.34","65.40","27.07","44.90","58.80","64.03","73.37","80.06","82.14","85.51","72.85","79.27","82.97","85.20","75.84","79.75","86.99","87.96","75.14","79.52","85.86","87.31","70.16","77.61","79.76","83.12","71.52","75.98","80.24","84.66","67.81","77.45","83.29","85.18","69.69","76.26","82.64","86.21","82.28","85.55","86.38","89.10","79.91","83.57","85.95","88.48","82.69","87.13","91.18","92.58","79.57","83.12","88.31","90.32","79.46","83.95","85.25","87.76","77.99","83.14","84.03","87.01","78.73","82.17","84.91","87.74","74.39","79.58","85.50","86.70","4.30","39.25","46.29","60.33","7.37","36.69","48.05","60.00","21.98","41.56","57.53","63.35","23.37","37.44","57.60","63.05","5.98","41.67","46.26","63.12","11.70","43.48","49.12","61.89","21.67","44.53","58.06","64.06","28.02","44.94","59.07","65.22","71.02","77.85","81.11","82.95","73.15","77.66","80.78","83.66","73.80","78.00","82.86","86.10","72.91","78.33","83.80","85.75","66.60","76.51","79.01","82.66","68.45","76.82","80.04","84.42","66.28","76.24","80.26","85.40","69.54","77.97","83.55","84.82","79.97","83.53","84.77","87.05","78.86","82.41","85.86","86.57","75.07","82.25","85.46","89.04","76.09","80.13","85.35","87.25","74.56","81.77","82.23","85.97","76.49","82.15","83.84","86.32","70.32","76.87","83.20","85.36","72.03","79.16","82.54","86.06"
"pdc_2020_0010001","42.90","28.11","63.01","54.74","42.21","27.65","62.21","55.00","53.92","42.59","70.92","65.62","54.90","41.82","71.04","68.19","44.48","0.0","63.45","51.47","45.93","26.76","62.83","50.54","54.25","42.20","70.83","65.63","56.58","43.79","71.47","66.95","78.73","75.42","85.21","82.46","77.38","75.49","84.94","82.83","82.29","75.18","89.61","86.62","81.82","77.68","88.69","85.44","76.39","70.46","83.14","77.36","76.20","69.86","82.60","78.81","76.21","72.45","86.19","83.74","77.68","71.84","86.08","83.79","85.19","82.07","88.19","87.82","82.63","82.06","87.45","86.44","87.30","82.56","92.62","90.54","84.82","79.86","90.56","89.05","82.98","78.38","86.99","84.86","81.11","77.48","85.73","82.77","84.16","78.71","87.82","85.99","80.98","76.25","88.43","86.09","42.90","27.83","63.11","54.76","41.75","27.76","62.21","53.33","53.92","43.69","70.92","66.09","53.59","46.25","71.04","66.28","44.16","24.12","63.19","51.98","44.63","29.68","63.53","52.56","54.90","42.60","71.34","66.19","56.58","46.67","72.07","65.90","77.04","72.00","84.06","79.89","77.63","72.18","82.66","79.37","80.79","76.04","86.25","85.66","79.79","78.08","86.91","84.74","73.59","65.84","81.89","75.81","74.79","69.65","82.50","78.48","75.37","71.82","83.94","82.85","77.45","73.04","86.80","83.79","83.29","81.53","86.88","86.16","81.66","81.15","86.97","84.89","81.86","78.88","88.43","88.61","82.04","77.76","87.91","85.74","79.05","77.20","84.76","83.16","79.94","75.38","85.39","82.82","78.34","73.42","86.17","84.01","78.69","77.16","85.22","83.97"
"pdc_2020_0010010","47.62","59.31","5.17","30.08","50.00","60.37","10.61","34.92","58.82","63.64","24.56","38.35","59.55","64.21","27.33","38.31","47.79","63.45","0.0","37.69","51.10","61.59","13.56","39.85","59.28","63.44","25.15","40.93","61.29","66.18","28.65","39.61","83.43","85.48","73.27","78.62","82.23","84.73","73.25","77.03","85.06","85.43","79.36","80.34","85.54","86.84","77.01","79.62","80.94","83.33","68.69","74.69","81.36","82.59","69.71","76.92","81.03","83.90","71.55","76.57","81.49","83.33","71.01","78.36","86.65","88.50","81.17","85.10","84.93","86.93","79.53","83.26","90.07","91.05","84.53","87.03","88.78","88.38","80.79","84.45","84.69","86.85","78.36","82.08","83.10","85.75","75.51","80.49","88.78","88.49","74.93","80.52","84.98","85.94","76.30","79.24","47.62","59.63","4.60","34.40","49.36","59.68","10.61","35.32","58.82","62.87","24.56","36.95","59.64","61.63","26.32","37.13","50.65","62.20","6.32","38.64","51.95","64.69","16.20","40.31","58.26","63.60","26.90","40.00","61.93","64.10","29.82","41.83","80.75","84.35","71.21","74.95","82.32","83.60","69.89","75.67","83.50","84.29","74.05","77.64","83.63","84.39","74.06","77.70","78.82","82.45","67.82","74.56","79.76","83.48","68.75","76.64","80.05","82.89","68.37","76.64","81.46","83.03","72.62","76.06","84.95","85.86","77.61","81.25","84.19","85.68","78.53","80.19","85.00","88.26","75.58","81.86","84.98","85.89","75.29","78.75","81.20","85.29","73.81","78.94","82.69","84.30","75.40","80.03","82.12","83.75","72.16","77.39","82.86","84.45","71.47","78.13"
"pdc_2020_0010011","60.13","51.11","35.00","27.72","59.55","50.14","34.36","24.91","69.90","63.64","50.00","43.91","70.03","66.08","50.58","46.13","61.34","51.47","37.69","0.0","62.38","47.62","37.21","24.74","70.23","63.48","50.38","42.18","72.22","66.86","52.12","44.85","84.73","81.63","76.26","73.08","83.25","80.75","75.42","71.93","87.37","83.74","83.37","78.40","87.50","86.32","80.96","78.23","82.95","78.02","72.64","66.61","82.74","78.22","72.45","70.86","84.10","80.96","76.74","74.70","84.45","82.26","76.29","75.75","87.53","86.03","82.46","81.95","85.64","85.38","80.56","81.00","91.45","89.04","87.44","83.67","90.54","86.91","84.16","82.38","86.08","83.07","80.42","77.93","84.04","82.33","77.29","74.93","90.39","86.78","79.63","77.60","87.45","83.94","80.41","78.41","60.13","51.22","34.62","23.78","59.94","53.04","34.36","25.26","69.90","64.22","50.00","45.22","70.00","65.36","50.58","44.81","62.34","50.14","35.14","24.49","61.98","52.43","37.60","24.48","70.45","63.61","51.54","45.09","71.80","64.01","52.90","44.81","82.58","79.78","74.72","70.72","83.36","79.89","72.39","69.52","85.68","83.51","78.70","77.33","85.54","84.27","78.39","77.13","80.95","76.46","71.76","66.28","81.02","77.32","71.54","69.39","83.33","79.96","74.64","73.63","84.26","80.71","77.65","74.41","86.04","84.16","79.90","78.63","84.59","83.76","79.94","78.34","87.09","87.16","79.91","81.33","86.61","84.32","79.86","77.75","82.85","81.38","76.61","75.74","83.78","79.80","77.34","75.11","84.60","83.00","77.30","75.00","85.12","83.42","76.19","77.50"
"pdc_2020_0010100","13.54","38.57","50.00","59.66","10.11","40.21","48.02","60.73","30.85","46.99","60.91","66.14","28.80","45.45","61.01","66.53","13.83","45.93","51.10","62.38","0.0","44.59","47.96","63.23","31.38","49.42","60.73","67.68","30.39","49.19","61.57","66.40","76.10","81.23","83.79","86.13","74.45","80.54","83.69","85.81","79.56","81.99","87.79","89.03","78.42","82.29","86.87","88.60","72.51","78.93","81.44","83.71","72.63","77.43","80.96","85.06","71.71","79.75","84.87","86.46","72.68","78.45","84.20","87.45","83.86","86.47","87.58","89.99","80.66","84.73","86.56","89.01","85.95","88.49","92.21","93.43","82.40","85.59","89.80","91.40","81.20","84.83","86.49","88.58","78.73","83.86","84.09","87.38","81.79","84.42","86.22","88.79","77.96","81.59","86.45","87.74","13.54","41.30","50.22","61.39","10.53","37.68","48.02","61.51","30.85","46.56","60.91","65.74","30.32","42.86","59.72","65.46","15.26","42.62","50.87","63.72","10.87","43.39","49.10","62.05","30.65","49.23","60.83","66.41","30.39","47.37","60.56","67.59","73.59","78.67","82.77","83.39","74.30","78.59","81.30","84.28","76.73","79.91","84.44","87.22","75.97","80.76","84.81","86.84","69.48","76.93","80.49","83.25","69.40","77.90","80.08","84.49","70.25","78.37","82.15","86.46","70.81","80.42","83.64","85.94","81.75","84.08","86.00","87.64","79.65","83.09","85.95","86.84","78.20","83.96","86.77","89.69","78.23","82.06","86.90","87.92","76.90","82.56","83.75","86.85","76.64","82.65","83.48","86.23","73.37","78.99","84.51","86.49","74.37","81.06","83.60","86.92"
"pdc_2020_0010101","43.56","33.43","60.30","53.91","40.20","28.44","58.15","48.45","54.36","48.01","68.94","64.29","53.40","46.88","69.06","66.17","44.15","26.76","61.59","47.62","44.59","0.0","58.75","47.89","54.70","46.65","68.85","63.93","55.63","47.83","69.09","64.48","79.31","76.18","84.49","81.88","78.27","75.04","84.70","82.09","82.84","77.50","89.49","86.44","82.56","78.98","88.76","85.19","77.11","71.75","82.20","76.57","77.30","70.79","81.44","78.00","77.09","74.59","85.57","83.75","78.11","73.73","85.25","83.57","85.71","83.03","87.78","87.53","83.11","82.08","87.17","86.46","87.92","84.44","92.40","90.09","85.36","81.98","90.67","88.73","83.47","80.00","86.40","84.72","81.43","78.00","84.95","82.47","85.15","80.58","87.65","84.99","81.95","77.48","87.40","85.48","43.56","27.60","60.42","50.28","41.86","25.39","58.15","50.42","54.36","46.75","68.94","64.78","53.54","47.94","68.65","63.75","44.85","27.94","60.49","49.45","41.64","25.90","59.06","45.66","54.88","46.99","69.38","63.69","55.14","45.45","68.47","62.92","77.76","73.31","83.64","78.73","78.16","72.93","81.88","78.38","81.53","77.33","86.03","85.50","80.51","78.65","86.72","84.93","74.33","69.21","81.26","75.49","74.43","68.51","81.07","76.73","76.03","73.75","83.02","82.62","77.34","75.18","85.95","82.89","84.08","82.23","86.44","85.49","82.14","81.86","86.82","84.29","82.60","81.46","88.08","87.66","82.78","79.48","87.98","84.91","79.71","77.74","84.09","82.06","80.09","74.97","84.38","81.90","79.05","75.84","85.74","83.77","78.88","77.07","85.00","84.17"
"pdc_2020_0010110","47.83","58.15","11.73","31.65","46.93","58.81","7.43","35.06","59.73","64.36","30.68","42.38","59.17","64.44","29.48","40.89","48.67","62.83","13.56","37.21","47.96","58.75","0.0","40.00","59.55","63.67","31.25","44.75","60.93","65.44","30.81","41.35","83.58","85.09","74.67","79.37","81.70","84.31","73.90","77.58","85.57","85.60","81.38","81.95","86.25","87.22","78.98","81.47","81.10","83.11","70.60","74.87","81.02","82.34","69.80","77.44","81.54","84.07","73.99","78.44","81.96","83.70","73.39","79.86","86.84","88.50","82.07","85.46","84.68","87.01","80.07","83.71","90.32","91.04","85.88","88.32","89.24","88.98","82.68","85.99","85.34","86.70","79.48","82.73","82.84","85.56","75.61","80.92","89.00","88.67","77.30","81.82","85.71","86.53","77.52","80.52","47.83","58.07","11.17","35.86","46.29","57.14","7.43","36.76","59.73","63.10","30.68","41.06","59.28","61.87","30.46","40.49","50.22","60.30","12.85","39.39","46.85","62.01","8.77","35.34","60.45","63.83","32.00","43.19","62.21","63.84","30.99","42.03","80.90","83.98","73.07","75.32","81.38","82.86","70.33","76.24","84.01","84.25","76.44","79.35","83.84","84.57","76.07","79.37","78.97","82.05","69.79","74.91","78.24","82.74","67.99","76.10","80.57","83.06","70.92","78.31","81.05","83.40","73.96","77.17","85.60","85.68","79.11","82.12","83.79","85.62","78.90","80.13","85.75","88.66","77.94","83.74","84.90","86.07","77.90","80.15","81.92","85.25","75.20","79.65","81.63","83.94","75.05","79.97","82.64","84.38","74.26","78.80","82.17","84.39","72.84","78.92"
